
8 26
9 25
9 25.5
8 26.5
The following stables colored squares:
CS (24, 184) (23, 21714) - 1 5 14 5 1 17 5 1 20 1 5 16 5 1 20 1 5 17 1 5 14 5 1 18
CS (12, 100) (26, 15976) - 1 5 16 5 1 19 5 1 22 1 5 19
CS (20, 188) (27, 24904) - 1 5 16 6 18 6 16 5 1 19 6 16 5 1 20 1 5 16 6 19
CS (36, 220) (36, 3897) - 1 5 12 2 2 2 12 4 12 4 12 2 2 2 12 5 1 17 4 8 2 4 2 12 5 1 18 1 5 12 2 4 2 8 4 17
CS (20, 180) (38, 16051) - 1 5 14 6 19 1 5 14 6 20 6 14 5 1 19 6 14 5 1 18
CS (20, 188) (41, 9228) - 1 5 18 6 17 1 6 1 17 6 18 5 1 21 6 14 4 14 6 21
CS (20, 196) (45, 17739) - 1 5 16 6 21 1 5 18 6 18 5 1 21 6 16 5 1 19 6 19
CS (34, 284) (60, 6789) - 1 5 16 6 20 6 17 1 6 1 17 6 20 6 16 5 1 19 6 18 4 6 2 8 2 4 2 8 2 6 4 18 6 19
CS (36, 332) (66, 1782) - 1 5 12 4 12 4 12 5 1 17 6 18 6 14 4 12 5 1 17 6 18 6 16 6 18 6 17 1 5 12 4 14 6 18 6 17
CS (26, 212) (67, 12342) - 1 5 14 4 10 4 15 1 6 1 15 4 10 4 14 5 1 19 6 16 4 8 4 16 6 19
CS (28, 220) (68, 14227) - 1 5 12 4 14 4 10 4 14 4 12 5 1 17 4 8 4 16 5 1 20 1 5 16 4 8 4 17
CS (26, 208) (72, 10870) - 1 5 14 4 14 5 1 19 6 19 1 5 15 1 6 1 18 1 6 1 15 5 1 19 6 19
CS (36, 268) (72, 8828) - 1 5 12 4 10 2 4 2 6 4 17 1 5 14 6 18 6 18 6 14 5 1 17 4 6 2 4 2 10 4 12 5 1 17 6 17
CS (26, 204) (74, 13640) - 1 5 12 4 10 4 15 1 6 1 15 4 10 4 12 5 1 17 6 16 4 8 4 16 6 17
CS (44, 352) (86, 4730) - 1 5 12 4 14 4 12 5 1 17 5 1 21 6 16 5 1 19 4 6 2 8 4 16 5 1 20 1 5 16 4 8 2 6 4 19 1 5 16 6 21 1 5 17
CS (50, 372) (102, 6142) - 1 5 14 4 10 2 6 4 19 1 5 16 5 1 20 1 5 16 5 1 20 1 5 16 5 1 19 4 6 2 10 4 14 5 1 18 1 6 1 15 4 12 4 12 4 15 1 6 1 18
CS (36, 304) (108, 17157) - 1 5 14 4 12 4 12 4 12 4 14 5 1 19 6 18 6 19 1 5 15 1 6 1 18 1 6 1 15 5 1 19 6 18 6 19
CS (72, 428) (111, 1474) - 1 5 12 2 2 2 10 4 14 4 8 2 6 2 4 2 10 4 13 1 7 20 6 16 4 8 2 4 2 8 2 4 2 8 2 4 2 8 2 4 2 8 2 4 2 8 4 16 6 20 7 1 13 4 10 2 4 2 6 2 8 4 14 4 10 2 2 2 12 5 1 18
CS (42, 372) (112, 5289) - 1 5 12 4 12 4 12 4 12 5 1 17 6 18 6 18 6 16 5 1 19 6 16 4 8 2 4 2 8 4 16 6 19 1 5 16 6 18 6 18 6 17
CS (32, 244) (120, 14404) - 1 5 12 4 14 6 19 1 5 14 5 1 19 6 14 4 12 5 1 17 4 6 2 8 4 14 4 8 2 6 4 17
CS (28, 244) (133, 11876) - 1 5 12 4 14 6 19 1 5 14 4 10 4 14 5 1 19 6 14 4 12 5 1 17 6 18 6 17
CS (30, 300) (136, 13378) - 1 5 14 4 14 5 1 19 6 20 6 18 5 1 21 6 18 4 8 4 18 6 21 1 5 18 6 20 6 19
CS (48, 372) (140, 3697) - 1 5 14 4 10 2 2 2 10 4 14 6 19 1 5 14 4 10 4 12 4 12 4 12 4 10 4 14 5 1 19 6 14 4 10 2 2 2 10 4 14 5 1 19 6 16 6 19
CS (64, 612) (142, 2110) - 1 5 16 4 10 4 15 1 6 1 19 6 18 6 21 1 5 18 6 20 6 18 6 20 6 18 5 1 21 6 18 6 19 1 6 1 15 4 10 4 16 5 1 20 1 5 16 5 1 19 6 20 6 18 6 20 6 19 1 5 16 5 1 20
CS (90, 872) (164, 1762) - 1 5 16 6 20 6 16 6 19 1 6 1 13 4 12 4 12 4 12 4 12 4 12 4 12 4 12 4 12 4 12 4 12 4 12 4 12 4 12 4 13 1 6 1 19 6 16 6 20 6 16 5 1 19 6 18 6 18 6 18 6 18 6 18 6 18 6 18 6 17 1 6 1 17 6 18 6 18 6 18 6 18 6 18 6 18 6 18 6 19
CS (104, 880) (244, 458) - 1 5 14 4 10 4 14 4 10 4 14 5 1 19 6 16 5 1 20 1 5 16 5 1 20 1 5 16 6 19 1 5 14 5 1 17 4 8 4 16 6 18 6 19 1 5 16 6 18 4 6 2 8 4 14 4 10 4 14 4 10 4 14 4 8 2 6 4 18 6 16 5 1 19 6 18 6 16 4 8 4 17 1 5 14 5 1 19 6 16 5 1 20 1 5 16 5 1 20 1 5 16 6 19
The following triples colored squares:
475899 squares were not filled in
7.9999780654907227 26.225008964538574
8.0053853988647461 26.218571662902832
8.0064153671264648 26.213250160217285
8.0147409439086914 26.210932731628418
8.0185174942016602 26.203808784484863
8.0232381820678711 26.199860572814941
8.0282163619995117 26.194539070129395
8.0362844467163086 26.192049980163574
8.0410909652709961 26.187844276428223
8.0459833145141602 26.182866096496582
8.0507040023803711 26.177115440368652
8.0564546585083008 26.171278953552246
8.0624198913574219 26.164798736572266
8.0716466903686523 26.161923408508301
8.0767107009887695 26.154885292053223
8.0858087539672852 26.149134635925293
8.0590295791625977 26.041417121887207
8.2721471786499023 26.20415210723877
8.098597526550293 26.136946678161621
8.1072664260864258 26.130251884460449
8.1160211563110352 26.123213768005371
8.1262350082397461 26.113858222961426
8.183441162109375 26.170806884765625
8.1894063949584961 26.129651069641113
8.2233095169067383 26.107335090637207
8.1448602676391602 26.097378730773926
8.1643438339233398 26.080727577209473
8.1739568710327148 26.072230339050293
8.2464838027954102 26.091885566711426
8.2549381256103516 26.01862907409668
8.3393096923828125 26.133041381835938
8.2624912261962891 26.028585433959961
8.1163215637207031 26.000003814697266
8.1285524368286133 25.95095157623291
8.1717681884765625 25.874862670898438
8.1849861145019531 25.877780914306641
8.2955789566040039 25.954642295837402
8.4365129470825195 25.935759544372559
8.3160924911499023 25.898852348327637
8.3121871948242188 25.877952575683594
8.4275436401367188 25.915718078613281
8.4293031692504883 25.844607353210449
8.425440788269043 25.816798210144043
8.3267354965209961 25.741610527038574
8.3443307876586914 25.695605278015137
8.4099054336547852 25.749936103820801
8.3892631530761719 25.645694732666016
8.4498167037963867 25.955929756164551
8.4682703018188477 25.94571590423584
8.483119010925293 25.935931205749512
8.455052375793457 25.90949535369873
8.505091667175293 25.921082496643066
8.5177946090698242 25.910954475402832
8.5263776779174805 25.905976295471191
8.5409688949584961 25.89627742767334
8.5675764083862305 25.877909660339355
8.5754728317260742 25.872502326965332
8.5904932022094727 25.862631797790527
8.6046552658081055 25.853018760681152
8.6196756362915039 25.843319892883301
8.4911441802978516 25.799932479858398
8.5060358047485352 25.78341007232666
8.450932502746582 25.687365531921387
8.5538434982299805 25.672430992126465
8.6378717422485352 25.830531120300293
8.6534929275512695 25.821261405944824
8.6689424514770508 25.810790061950684
8.6847352981567383 25.801005363464355
8.7139177322387695 25.780577659606934
8.7286806106567383 25.771393775939941
8.7066221237182617 25.744185447692871
8.5483503341674805 25.64934253692627
8.6948204040527344 25.648097991943359
8.6872673034667969 25.586299896240234
8.6899709701538086 25.525918006896973
8.714604377746582 25.521540641784668
8.6923313140869141 25.43858528137207
8.7596654891967773 25.458970069885254
8.7829256057739258 25.403780937194824
8.705592155456543 25.395970344543457
8.766789436340332 25.396227836608887
8.795628547668457 25.605311393737793
8.8062715530395508 25.558018684387207
8.8478994369506836 25.544543266296387
8.8869524002075195 25.556473731994629
8.9561319351196289 25.521969795227051
8.8092756271362305 25.41536808013916
8.8441228866577148 25.431160926818848
8.8873386383056641 25.44957160949707
8.939051628112793 25.47304630279541
8.8355398178100586 25.392880439758301
8.9513683319091797 25.391378402709961
8.9025735855102539 25.314602851867676
8.8275575637817383 25.298123359680176
8.8151121139526367 25.235381126403809
8.8871240615844727 25.288681983947754
8.7990188598632812 25.206413269042969
8.8649797439575195 25.17143726348877
8.9514970779418945 25.212464332580566
8.9400815963745117 25.176501274108887
260464 stable squares used in the cover
0 triple squares used in the cover
26 stables used in the cover
0 triples used in the cover
MRR at 20 decimals, deepest magnification 20
Total stable cost: 18248475
475899 squares were not filled in
Not Covered
Time elapsed: 15.113s
BilliardViewer 10.0.14
<===========--> 85% EXECUTING [4m 14s]
> :run
